image: /home/demulab-asus4070-2024/dspl2024_ws/src/move_pkg/map/dspl2024_v1.pgm
resolution: 0.050000
origin: [-51.224998, -51.224998, 0.000000]
negate: 0
occupied_thresh: 0.65
free_thresh: 0.196

